2023/01/27-15:08:50.208236 2a00 RocksDB version: 5.18.4
2023/01/27-15:08:50.208306 2a00 Git sha rocksdb_build_git_sha:@b9a4a10659969c71e6f6eab4e4bae8c36ede919f@
2023/01/27-15:08:50.208327 2a00 Compile date Mar 11 2020
2023/01/27-15:08:50.208340 2a00 DB SUMMARY
2023/01/27-15:08:50.230459 2a00 CURRENT file:  CURRENT
2023/01/27-15:08:50.230495 2a00 IDENTITY file:  IDENTITY
2023/01/27-15:08:50.230670 2a00 MANIFEST file:  MANIFEST-000121 size: 883 Bytes
2023/01/27-15:08:50.230702 2a00 SST files in D:\program\nacos\data\protocol\raft\naming_instance_metadata\log dir, Total Num: 15, files: 000094.sst 000096.sst 000098.sst 000100.sst 000102.sst 000104.sst 000106.sst 000108.sst 000110.sst 
2023/01/27-15:08:50.230720 2a00 Write Ahead Log file in D:\program\nacos\data\protocol\raft\naming_instance_metadata\log: 000123.log size: 16817 ; 
2023/01/27-15:08:50.230913 2a00                         Options.error_if_exists: 0
2023/01/27-15:08:50.230922 2a00                       Options.create_if_missing: 1
2023/01/27-15:08:50.230927 2a00                         Options.paranoid_checks: 1
2023/01/27-15:08:50.230932 2a00                                     Options.env: 0000022AD0BBCF80
2023/01/27-15:08:50.230938 2a00                                Options.info_log: 0000022ACC19E4E0
2023/01/27-15:08:50.230943 2a00                Options.max_file_opening_threads: 16
2023/01/27-15:08:50.230948 2a00                              Options.statistics: 0000022ACAB5BB90
2023/01/27-15:08:50.230954 2a00                               Options.use_fsync: 0
2023/01/27-15:08:50.230959 2a00                       Options.max_log_file_size: 0
2023/01/27-15:08:50.230964 2a00                  Options.max_manifest_file_size: 1073741824
2023/01/27-15:08:50.230969 2a00                   Options.log_file_time_to_roll: 0
2023/01/27-15:08:50.230974 2a00                       Options.keep_log_file_num: 1000
2023/01/27-15:08:50.230979 2a00                    Options.recycle_log_file_num: 0
2023/01/27-15:08:50.230984 2a00                         Options.allow_fallocate: 1
2023/01/27-15:08:50.230989 2a00                        Options.allow_mmap_reads: 0
2023/01/27-15:08:50.230994 2a00                       Options.allow_mmap_writes: 0
2023/01/27-15:08:50.230999 2a00                        Options.use_direct_reads: 0
2023/01/27-15:08:50.231004 2a00                        Options.use_direct_io_for_flush_and_compaction: 0
2023/01/27-15:08:50.231009 2a00          Options.create_missing_column_families: 1
2023/01/27-15:08:50.231014 2a00                              Options.db_log_dir: 
2023/01/27-15:08:50.231019 2a00                                 Options.wal_dir: D:\program\nacos\data\protocol\raft\naming_instance_metadata\log
2023/01/27-15:08:50.231024 2a00                Options.table_cache_numshardbits: 6
2023/01/27-15:08:50.231029 2a00                      Options.max_subcompactions: 1
2023/01/27-15:08:50.231034 2a00                  Options.max_background_flushes: 1
2023/01/27-15:08:50.231039 2a00                         Options.WAL_ttl_seconds: 0
2023/01/27-15:08:50.231044 2a00                       Options.WAL_size_limit_MB: 0
2023/01/27-15:08:50.231049 2a00             Options.manifest_preallocation_size: 4194304
2023/01/27-15:08:50.231055 2a00                     Options.is_fd_close_on_exec: 1
2023/01/27-15:08:50.231060 2a00                   Options.advise_random_on_open: 1
2023/01/27-15:08:50.231064 2a00                    Options.db_write_buffer_size: 0
2023/01/27-15:08:50.231070 2a00                    Options.write_buffer_manager: 0000022ACB2BED50
2023/01/27-15:08:50.231075 2a00         Options.access_hint_on_compaction_start: 1
2023/01/27-15:08:50.231080 2a00  Options.new_table_reader_for_compaction_inputs: 0
2023/01/27-15:08:50.231085 2a00           Options.random_access_max_buffer_size: 1048576
2023/01/27-15:08:50.231090 2a00                      Options.use_adaptive_mutex: 0
2023/01/27-15:08:50.231095 2a00                            Options.rate_limiter: 0000000000000000
2023/01/27-15:08:50.231101 2a00     Options.sst_file_manager.rate_bytes_per_sec: 0
2023/01/27-15:08:50.231106 2a00                       Options.wal_recovery_mode: 2
2023/01/27-15:08:50.231146 2a00                  Options.enable_thread_tracking: 0
2023/01/27-15:08:50.231154 2a00                  Options.enable_pipelined_write: 0
2023/01/27-15:08:50.231159 2a00         Options.allow_concurrent_memtable_write: 1
2023/01/27-15:08:50.231164 2a00      Options.enable_write_thread_adaptive_yield: 1
2023/01/27-15:08:50.231169 2a00             Options.write_thread_max_yield_usec: 100
2023/01/27-15:08:50.231174 2a00            Options.write_thread_slow_yield_usec: 3
2023/01/27-15:08:50.231180 2a00                               Options.row_cache: None
2023/01/27-15:08:50.231185 2a00                              Options.wal_filter: None
2023/01/27-15:08:50.231190 2a00             Options.avoid_flush_during_recovery: 0
2023/01/27-15:08:50.231195 2a00             Options.allow_ingest_behind: 0
2023/01/27-15:08:50.231200 2a00             Options.preserve_deletes: 0
2023/01/27-15:08:50.231205 2a00             Options.two_write_queues: 0
2023/01/27-15:08:50.231209 2a00             Options.manual_wal_flush: 0
2023/01/27-15:08:50.231214 2a00             Options.max_background_jobs: 2
2023/01/27-15:08:50.231219 2a00             Options.max_background_compactions: 4
2023/01/27-15:08:50.231224 2a00             Options.avoid_flush_during_shutdown: 0
2023/01/27-15:08:50.231229 2a00           Options.writable_file_max_buffer_size: 1048576
2023/01/27-15:08:50.231234 2a00             Options.delayed_write_rate : 16777216
2023/01/27-15:08:50.231239 2a00             Options.max_total_wal_size: 0
2023/01/27-15:08:50.231244 2a00             Options.delete_obsolete_files_period_micros: 21600000000
2023/01/27-15:08:50.231249 2a00                   Options.stats_dump_period_sec: 600
2023/01/27-15:08:50.231254 2a00                          Options.max_open_files: -1
2023/01/27-15:08:50.231260 2a00                          Options.bytes_per_sync: 0
2023/01/27-15:08:50.231265 2a00                      Options.wal_bytes_per_sync: 0
2023/01/27-15:08:50.231270 2a00       Options.compaction_readahead_size: 0
2023/01/27-15:08:50.231275 2a00 Compression algorithms supported:
2023/01/27-15:08:50.231280 2a00 	kZSTD supported: 1
2023/01/27-15:08:50.231285 2a00 	kSnappyCompression supported: 1
2023/01/27-15:08:50.231291 2a00 	kBZip2Compression supported: 0
2023/01/27-15:08:50.231296 2a00 	kZlibCompression supported: 1
2023/01/27-15:08:50.231300 2a00 	kLZ4Compression supported: 1
2023/01/27-15:08:50.231305 2a00 	kXpressCompression supported: 0
2023/01/27-15:08:50.231310 2a00 	kLZ4HCCompression supported: 1
2023/01/27-15:08:50.231315 2a00 	kZSTDNotFinalCompression supported: 1
2023/01/27-15:08:50.231322 2a00 Fast CRC32 supported: Supported on x86
2023/01/27-15:08:50.239488 2a00 [db\version_set.cc:3508] Recovering from manifest file: MANIFEST-000121
2023/01/27-15:08:50.271620 2a00 [db\column_family.cc:474] --------------- Options for column family [default]:
2023/01/27-15:08:50.271640 2a00               Options.comparator: leveldb.BytewiseComparator
2023/01/27-15:08:50.271647 2a00           Options.merge_operator: StringAppendOperator
2023/01/27-15:08:50.271652 2a00        Options.compaction_filter: None
2023/01/27-15:08:50.271657 2a00        Options.compaction_filter_factory: None
2023/01/27-15:08:50.271663 2a00         Options.memtable_factory: SkipListFactory
2023/01/27-15:08:50.271668 2a00            Options.table_factory: BlockBasedTable
2023/01/27-15:08:50.271700 2a00            table_factory options:   flush_block_policy_factory: FlushBlockBySizePolicyFactory (0000022AC9B35010)
  cache_index_and_filter_blocks: 0
  cache_index_and_filter_blocks_with_high_priority: 1
  pin_l0_filter_and_index_blocks_in_cache: 1
  pin_top_level_index_and_filter: 1
  index_type: 2
  hash_index_allow_collision: 1
  checksum: 1
  no_block_cache: 0
  block_cache: 0000022ACAA4CE30
  block_cache_name: LRUCache
  block_cache_options:
    capacity : 536870912
    num_shard_bits : 8
    strict_capacity_limit : 0
    memory_allocator : None
    high_pri_pool_ratio: 0.000
  block_cache_compressed: 0000000000000000
  persistent_cache: 0000000000000000
  block_size: 4096
  block_size_deviation: 10
  block_restart_interval: 16
  index_block_restart_interval: 1
  metadata_block_size: 8192
  partition_filters: 1
  use_delta_encoding: 1
  filter_policy: nullptr
  whole_key_filtering: 1
  verify_compression: 0
  read_amp_bytes_per_bit: 0
  format_version: 0
  enable_index_compression: 1
  block_align: 0
2023/01/27-15:08:50.271767 2a00        Options.write_buffer_size: 67108864
2023/01/27-15:08:50.271776 2a00  Options.max_write_buffer_number: 3
2023/01/27-15:08:50.271782 2a00          Options.compression: Snappy
2023/01/27-15:08:50.271787 2a00                  Options.bottommost_compression: Disabled
2023/01/27-15:08:50.271793 2a00       Options.prefix_extractor: rocksdb.FixedPrefix.8
2023/01/27-15:08:50.271798 2a00   Options.memtable_insert_with_hint_prefix_extractor: nullptr
2023/01/27-15:08:50.271803 2a00             Options.num_levels: 7
2023/01/27-15:08:50.271808 2a00        Options.min_write_buffer_number_to_merge: 1
2023/01/27-15:08:50.271814 2a00     Options.max_write_buffer_number_to_maintain: 0
2023/01/27-15:08:50.271819 2a00            Options.bottommost_compression_opts.window_bits: -14
2023/01/27-15:08:50.271824 2a00                  Options.bottommost_compression_opts.level: 32767
2023/01/27-15:08:50.271829 2a00               Options.bottommost_compression_opts.strategy: 0
2023/01/27-15:08:50.271834 2a00         Options.bottommost_compression_opts.max_dict_bytes: 0
2023/01/27-15:08:50.271840 2a00         Options.bottommost_compression_opts.zstd_max_train_bytes: 0
2023/01/27-15:08:50.271845 2a00                  Options.bottommost_compression_opts.enabled: false
2023/01/27-15:08:50.271853 2a00            Options.compression_opts.window_bits: -14
2023/01/27-15:08:50.271858 2a00                  Options.compression_opts.level: 32767
2023/01/27-15:08:50.271863 2a00               Options.compression_opts.strategy: 0
2023/01/27-15:08:50.271868 2a00         Options.compression_opts.max_dict_bytes: 0
2023/01/27-15:08:50.271873 2a00         Options.compression_opts.zstd_max_train_bytes: 0
2023/01/27-15:08:50.271879 2a00                  Options.compression_opts.enabled: false
2023/01/27-15:08:50.271884 2a00      Options.level0_file_num_compaction_trigger: 10
2023/01/27-15:08:50.271889 2a00          Options.level0_slowdown_writes_trigger: 20
2023/01/27-15:08:50.271894 2a00              Options.level0_stop_writes_trigger: 40
2023/01/27-15:08:50.271899 2a00                   Options.target_file_size_base: 67108864
2023/01/27-15:08:50.271904 2a00             Options.target_file_size_multiplier: 1
2023/01/27-15:08:50.271909 2a00                Options.max_bytes_for_level_base: 536870912
2023/01/27-15:08:50.271915 2a00 Options.level_compaction_dynamic_level_bytes: 0
2023/01/27-15:08:50.271920 2a00          Options.max_bytes_for_level_multiplier: 10.000000
2023/01/27-15:08:50.271927 2a00 Options.max_bytes_for_level_multiplier_addtl[0]: 1
2023/01/27-15:08:50.271932 2a00 Options.max_bytes_for_level_multiplier_addtl[1]: 1
2023/01/27-15:08:50.271937 2a00 Options.max_bytes_for_level_multiplier_addtl[2]: 1
2023/01/27-15:08:50.271956 2a00 Options.max_bytes_for_level_multiplier_addtl[3]: 1
2023/01/27-15:08:50.271969 2a00 Options.max_bytes_for_level_multiplier_addtl[4]: 1
2023/01/27-15:08:50.271975 2a00 Options.max_bytes_for_level_multiplier_addtl[5]: 1
2023/01/27-15:08:50.271981 2a00 Options.max_bytes_for_level_multiplier_addtl[6]: 1
2023/01/27-15:08:50.271986 2a00       Options.max_sequential_skip_in_iterations: 8
2023/01/27-15:08:50.271991 2a00                    Options.max_compaction_bytes: 1677721600
2023/01/27-15:08:50.271997 2a00                        Options.arena_block_size: 8388608
2023/01/27-15:08:50.272002 2a00   Options.soft_pending_compaction_bytes_limit: 68719476736
2023/01/27-15:08:50.272008 2a00   Options.hard_pending_compaction_bytes_limit: 274877906944
2023/01/27-15:08:50.272013 2a00       Options.rate_limit_delay_max_milliseconds: 100
2023/01/27-15:08:50.272018 2a00                Options.disable_auto_compactions: 0
2023/01/27-15:08:50.272029 2a00                        Options.compaction_style: kCompactionStyleLevel
2023/01/27-15:08:50.272037 2a00                          Options.compaction_pri: kByCompensatedSize
2023/01/27-15:08:50.272043 2a00 Options.compaction_options_universal.size_ratio: 1
2023/01/27-15:08:50.272048 2a00 Options.compaction_options_universal.min_merge_width: 2
2023/01/27-15:08:50.272054 2a00 Options.compaction_options_universal.max_merge_width: 4294967295
2023/01/27-15:08:50.272059 2a00 Options.compaction_options_universal.max_size_amplification_percent: 200
2023/01/27-15:08:50.272064 2a00 Options.compaction_options_universal.compression_size_percent: -1
2023/01/27-15:08:50.272070 2a00 Options.compaction_options_universal.stop_style: kCompactionStopStyleTotalSize
2023/01/27-15:08:50.272076 2a00 Options.compaction_options_fifo.max_table_files_size: 1073741824
2023/01/27-15:08:50.272081 2a00 Options.compaction_options_fifo.allow_compaction: 0
2023/01/27-15:08:50.272086 2a00 Options.compaction_options_fifo.ttl: 0
2023/01/27-15:08:50.272091 2a00                   Options.table_properties_collectors: 
2023/01/27-15:08:50.272096 2a00                   Options.inplace_update_support: 0
2023/01/27-15:08:50.272102 2a00                 Options.inplace_update_num_locks: 10000
2023/01/27-15:08:50.272107 2a00               Options.memtable_prefix_bloom_size_ratio: 0.125000
2023/01/27-15:08:50.272114 2a00   Options.memtable_huge_page_size: 0
2023/01/27-15:08:50.272119 2a00                           Options.bloom_locality: 0
2023/01/27-15:08:50.272124 2a00                    Options.max_successive_merges: 0
2023/01/27-15:08:50.272130 2a00                Options.optimize_filters_for_hits: 0
2023/01/27-15:08:50.272135 2a00                Options.paranoid_file_checks: 0
2023/01/27-15:08:50.272140 2a00                Options.force_consistency_checks: 1
2023/01/27-15:08:50.272145 2a00                Options.report_bg_io_stats: 0
2023/01/27-15:08:50.272150 2a00                               Options.ttl: 0
2023/01/27-15:08:50.274664 2a00 [db\column_family.cc:474] --------------- Options for column family [Configuration]:
2023/01/27-15:08:50.274683 2a00               Options.comparator: leveldb.BytewiseComparator
2023/01/27-15:08:50.274689 2a00           Options.merge_operator: StringAppendOperator
2023/01/27-15:08:50.274694 2a00        Options.compaction_filter: None
2023/01/27-15:08:50.274699 2a00        Options.compaction_filter_factory: None
2023/01/27-15:08:50.274704 2a00         Options.memtable_factory: SkipListFactory
2023/01/27-15:08:50.274709 2a00            Options.table_factory: BlockBasedTable
2023/01/27-15:08:50.274738 2a00            table_factory options:   flush_block_policy_factory: FlushBlockBySizePolicyFactory (0000022AC9B35010)
  cache_index_and_filter_blocks: 0
  cache_index_and_filter_blocks_with_high_priority: 1
  pin_l0_filter_and_index_blocks_in_cache: 1
  pin_top_level_index_and_filter: 1
  index_type: 2
  hash_index_allow_collision: 1
  checksum: 1
  no_block_cache: 0
  block_cache: 0000022ACAA4CE30
  block_cache_name: LRUCache
  block_cache_options:
    capacity : 536870912
    num_shard_bits : 8
    strict_capacity_limit : 0
    memory_allocator : None
    high_pri_pool_ratio: 0.000
  block_cache_compressed: 0000000000000000
  persistent_cache: 0000000000000000
  block_size: 4096
  block_size_deviation: 10
  block_restart_interval: 16
  index_block_restart_interval: 1
  metadata_block_size: 8192
  partition_filters: 1
  use_delta_encoding: 1
  filter_policy: nullptr
  whole_key_filtering: 1
  verify_compression: 0
  read_amp_bytes_per_bit: 0
  format_version: 0
  enable_index_compression: 1
  block_align: 0
2023/01/27-15:08:50.274745 2a00        Options.write_buffer_size: 67108864
2023/01/27-15:08:50.274750 2a00  Options.max_write_buffer_number: 3
2023/01/27-15:08:50.274755 2a00          Options.compression: Snappy
2023/01/27-15:08:50.274761 2a00                  Options.bottommost_compression: Disabled
2023/01/27-15:08:50.274766 2a00       Options.prefix_extractor: rocksdb.FixedPrefix.8
2023/01/27-15:08:50.274827 2a00   Options.memtable_insert_with_hint_prefix_extractor: nullptr
2023/01/27-15:08:50.274835 2a00             Options.num_levels: 7
2023/01/27-15:08:50.274840 2a00        Options.min_write_buffer_number_to_merge: 1
2023/01/27-15:08:50.274845 2a00     Options.max_write_buffer_number_to_maintain: 0
2023/01/27-15:08:50.274850 2a00            Options.bottommost_compression_opts.window_bits: -14
2023/01/27-15:08:50.274855 2a00                  Options.bottommost_compression_opts.level: 32767
2023/01/27-15:08:50.274860 2a00               Options.bottommost_compression_opts.strategy: 0
2023/01/27-15:08:50.274865 2a00         Options.bottommost_compression_opts.max_dict_bytes: 0
2023/01/27-15:08:50.274870 2a00         Options.bottommost_compression_opts.zstd_max_train_bytes: 0
2023/01/27-15:08:50.274875 2a00                  Options.bottommost_compression_opts.enabled: false
2023/01/27-15:08:50.274880 2a00            Options.compression_opts.window_bits: -14
2023/01/27-15:08:50.274885 2a00                  Options.compression_opts.level: 32767
2023/01/27-15:08:50.274890 2a00               Options.compression_opts.strategy: 0
2023/01/27-15:08:50.274895 2a00         Options.compression_opts.max_dict_bytes: 0
2023/01/27-15:08:50.274900 2a00         Options.compression_opts.zstd_max_train_bytes: 0
2023/01/27-15:08:50.274905 2a00                  Options.compression_opts.enabled: false
2023/01/27-15:08:50.274910 2a00      Options.level0_file_num_compaction_trigger: 10
2023/01/27-15:08:50.274915 2a00          Options.level0_slowdown_writes_trigger: 20
2023/01/27-15:08:50.274920 2a00              Options.level0_stop_writes_trigger: 40
2023/01/27-15:08:50.274925 2a00                   Options.target_file_size_base: 67108864
2023/01/27-15:08:50.274930 2a00             Options.target_file_size_multiplier: 1
2023/01/27-15:08:50.274935 2a00                Options.max_bytes_for_level_base: 536870912
2023/01/27-15:08:50.274940 2a00 Options.level_compaction_dynamic_level_bytes: 0
2023/01/27-15:08:50.274945 2a00          Options.max_bytes_for_level_multiplier: 10.000000
2023/01/27-15:08:50.274951 2a00 Options.max_bytes_for_level_multiplier_addtl[0]: 1
2023/01/27-15:08:50.274956 2a00 Options.max_bytes_for_level_multiplier_addtl[1]: 1
2023/01/27-15:08:50.274961 2a00 Options.max_bytes_for_level_multiplier_addtl[2]: 1
2023/01/27-15:08:50.274966 2a00 Options.max_bytes_for_level_multiplier_addtl[3]: 1
2023/01/27-15:08:50.274971 2a00 Options.max_bytes_for_level_multiplier_addtl[4]: 1
2023/01/27-15:08:50.274976 2a00 Options.max_bytes_for_level_multiplier_addtl[5]: 1
2023/01/27-15:08:50.274981 2a00 Options.max_bytes_for_level_multiplier_addtl[6]: 1
2023/01/27-15:08:50.274986 2a00       Options.max_sequential_skip_in_iterations: 8
2023/01/27-15:08:50.274991 2a00                    Options.max_compaction_bytes: 1677721600
2023/01/27-15:08:50.274996 2a00                        Options.arena_block_size: 8388608
2023/01/27-15:08:50.275001 2a00   Options.soft_pending_compaction_bytes_limit: 68719476736
2023/01/27-15:08:50.275006 2a00   Options.hard_pending_compaction_bytes_limit: 274877906944
2023/01/27-15:08:50.275011 2a00       Options.rate_limit_delay_max_milliseconds: 100
2023/01/27-15:08:50.275016 2a00                Options.disable_auto_compactions: 0
2023/01/27-15:08:50.275022 2a00                        Options.compaction_style: kCompactionStyleLevel
2023/01/27-15:08:50.275028 2a00                          Options.compaction_pri: kByCompensatedSize
2023/01/27-15:08:50.275033 2a00 Options.compaction_options_universal.size_ratio: 1
2023/01/27-15:08:50.275038 2a00 Options.compaction_options_universal.min_merge_width: 2
2023/01/27-15:08:50.275043 2a00 Options.compaction_options_universal.max_merge_width: 4294967295
2023/01/27-15:08:50.275048 2a00 Options.compaction_options_universal.max_size_amplification_percent: 200
2023/01/27-15:08:50.275053 2a00 Options.compaction_options_universal.compression_size_percent: -1
2023/01/27-15:08:50.275059 2a00 Options.compaction_options_universal.stop_style: kCompactionStopStyleTotalSize
2023/01/27-15:08:50.275093 2a00 Options.compaction_options_fifo.max_table_files_size: 1073741824
2023/01/27-15:08:50.275100 2a00 Options.compaction_options_fifo.allow_compaction: 0
2023/01/27-15:08:50.275105 2a00 Options.compaction_options_fifo.ttl: 0
2023/01/27-15:08:50.275110 2a00                   Options.table_properties_collectors: 
2023/01/27-15:08:50.275115 2a00                   Options.inplace_update_support: 0
2023/01/27-15:08:50.275120 2a00                 Options.inplace_update_num_locks: 10000
2023/01/27-15:08:50.275125 2a00               Options.memtable_prefix_bloom_size_ratio: 0.125000
2023/01/27-15:08:50.275132 2a00   Options.memtable_huge_page_size: 0
2023/01/27-15:08:50.275136 2a00                           Options.bloom_locality: 0
2023/01/27-15:08:50.275141 2a00                    Options.max_successive_merges: 0
2023/01/27-15:08:50.275146 2a00                Options.optimize_filters_for_hits: 0
2023/01/27-15:08:50.275151 2a00                Options.paranoid_file_checks: 0
2023/01/27-15:08:50.275156 2a00                Options.force_consistency_checks: 1
2023/01/27-15:08:50.275161 2a00                Options.report_bg_io_stats: 0
2023/01/27-15:08:50.275166 2a00                               Options.ttl: 0
2023/01/27-15:08:50.511308 2a00 [db\version_set.cc:3724] Recovered from manifest file:D:\program\nacos\data\protocol\raft\naming_instance_metadata\log/MANIFEST-000121 succeeded,manifest_file_number is 121, next_file_number is 124, last_sequence is 567, log_number is 0,prev_log_number is 0,max_column_family is 1,min_log_number_to_keep is 0
2023/01/27-15:08:50.511330 2a00 [db\version_set.cc:3732] Column family [default] (ID 0), log number is 120
2023/01/27-15:08:50.511337 2a00 [db\version_set.cc:3732] Column family [Configuration] (ID 1), log number is 120
2023/01/27-15:08:50.513106 2a00 EVENT_LOG_v1 {"time_micros": 1674803330513093, "job": 1, "event": "recovery_started", "log_files": [123]}
2023/01/27-15:08:50.513128 2a00 [db\db_impl_open.cc:578] Recovering log #123 mode 2
2023/01/27-15:08:50.571899 2a00 EVENT_LOG_v1 {"time_micros": 1674803330571875, "cf_name": "default", "job": 1, "event": "table_file_creation", "file_number": 124, "file_size": 747, "table_properties": {"data_size": 0, "index_size": 13, "filter_size": 0, "raw_key_size": 32, "raw_average_key_size": 0, "raw_value_size": 16, "raw_average_value_size": 0, "num_data_blocks": 0, "num_entries": 0, "filter_policy_name": ""}}
2023/01/27-15:08:50.575542 2a00 [db\version_set.cc:3037] Creating manifest 125
2023/01/27-15:08:50.822520 2a00 EVENT_LOG_v1 {"time_micros": 1674803330822469, "cf_name": "Configuration", "job": 1, "event": "table_file_creation", "file_number": 126, "file_size": 877, "table_properties": {"data_size": 44, "index_size": 49, "filter_size": 0, "raw_key_size": 58, "raw_average_key_size": 58, "raw_value_size": 24, "raw_average_value_size": 24, "num_data_blocks": 1, "num_entries": 1, "filter_policy_name": ""}}
2023/01/27-15:08:50.859705 2a00 EVENT_LOG_v1 {"time_micros": 1674803330859695, "job": 1, "event": "recovery_finished"}
2023/01/27-15:08:51.185554 2a00 [db\db_impl_open.cc:1314] DB pointer 0000022ACC1B4030
2023/01/27-15:08:51.191955 3098 [WARN] [db\db_impl.cc:669] ------- DUMPING STATS -------
2023/01/27-15:08:51.191974 3098 [WARN] [db\db_impl.cc:670] 
** DB Stats **
Uptime(secs): 0.9 total, 0.9 interval
Cumulative writes: 0 writes, 0 keys, 0 commit groups, 0.0 writes per commit group, ingest: 0.00 GB, 0.00 MB/s
Cumulative WAL: 0 writes, 0 syncs, 0.00 writes per sync, written: 0.00 GB, 0.00 MB/s
Cumulative stall: 00:00:0.000 H:M:S, 0.0 percent
Interval writes: 0 writes, 0 keys, 0 commit groups, 0.0 writes per commit group, ingest: 0.00 MB, 0.00 MB/s
Interval WAL: 0 writes, 0 syncs, 0.00 writes per sync, written: 0.00 MB, 0.00 MB/s
Interval stall: 00:00:0.000 H:M:S, 0.0 percent

** Compaction Stats [default] **
Level    Files   Size     Score Read(GB)  Rn(GB) Rnp1(GB) Write(GB) Wnew(GB) Moved(GB) W-Amp Rd(MB/s) Wr(MB/s) Comp(sec) Comp(cnt) Avg(sec) KeyIn KeyDrop
----------------------------------------------------------------------------------------------------------------------------------------------------------
  L0      8/0    5.95 KB   0.8      0.0     0.0      0.0       0.0      0.0       0.0   1.0      0.0      0.0         0         1    0.047       0      0
 Sum      8/0    5.95 KB   0.0      0.0     0.0      0.0       0.0      0.0       0.0   1.0      0.0      0.0         0         1    0.047       0      0
 Int      0/0    0.00 KB   0.0      0.0     0.0      0.0       0.0      0.0       0.0   1.0      0.0      0.0         0         1    0.047       0      0
Uptime(secs): 0.9 total, 0.9 interval
Flush(GB): cumulative 0.000, interval 0.000
AddFile(GB): cumulative 0.000, interval 0.000
AddFile(Total Files): cumulative 0, interval 0
AddFile(L0 Files): cumulative 0, interval 0
AddFile(Keys): cumulative 0, interval 0
Cumulative compaction: 0.00 GB write, 0.00 MB/s write, 0.00 GB read, 0.00 MB/s read, 0.0 seconds
Interval compaction: 0.00 GB write, 0.00 MB/s write, 0.00 GB read, 0.00 MB/s read, 0.0 seconds
Stalls(count): 0 level0_slowdown, 0 level0_slowdown_with_compaction, 0 level0_numfiles, 0 level0_numfiles_with_compaction, 0 stop for pending_compaction_bytes, 0 slowdown for pending_compaction_bytes, 0 memtable_compaction, 0 memtable_slowdown, interval 0 total count

** File Read Latency Histogram By Level [default] **
** Level 0 read latency histogram (micros):
Count: 42 Average: 12.4286  StdDev: 16.72
Min: 4  Median: 4.9091  Max: 93
Percentiles: P50: 4.91 P75: 9.60 P99: 93.00 P99.9: 93.00 P99.99: 93.00
------------------------------------------------------
(       3,       4 ]       16  38.095%  38.095% ########
(       4,       6 ]       11  26.190%  64.286% #####
(       6,      10 ]        5  11.905%  76.190% ##
(      10,      15 ]        2   4.762%  80.952% #
(      15,      22 ]        1   2.381%  83.333% 
(      22,      34 ]        1   2.381%  85.714% 
(      34,      51 ]        5  11.905%  97.619% ##
(      76,     110 ]        1   2.381% 100.000% 


** Compaction Stats [Configuration] **
Level    Files   Size     Score Read(GB)  Rn(GB) Rnp1(GB) Write(GB) Wnew(GB) Moved(GB) W-Amp Rd(MB/s) Wr(MB/s) Comp(sec) Comp(cnt) Avg(sec) KeyIn KeyDrop
----------------------------------------------------------------------------------------------------------------------------------------------------------
  L0      8/0    6.88 KB   0.8      0.0     0.0      0.0       0.0      0.0       0.0   1.0      0.0      0.0         0         1    0.053       0      0
  L1      1/0    0.76 KB   0.0      0.0     0.0      0.0       0.0      0.0       0.0   0.0      0.0      0.0         0         0    0.000       0      0
 Sum      9/0    7.64 KB   0.0      0.0     0.0      0.0       0.0      0.0       0.0   1.0      0.0      0.0         0         1    0.053       0      0
 Int      0/0    0.00 KB   0.0      0.0     0.0      0.0       0.0      0.0       0.0   1.0      0.0      0.0         0         1    0.053       0      0
Uptime(secs): 0.9 total, 0.9 interval
Flush(GB): cumulative 0.000, interval 0.000
AddFile(GB): cumulative 0.000, interval 0.000
AddFile(Total Files): cumulative 0, interval 0
AddFile(L0 Files): cumulative 0, interval 0
AddFile(Keys): cumulative 0, interval 0
Cumulative compaction: 0.00 GB write, 0.00 MB/s write, 0.00 GB read, 0.00 MB/s read, 0.1 seconds
Interval compaction: 0.00 GB write, 0.00 MB/s write, 0.00 GB read, 0.00 MB/s read, 0.1 seconds
Stalls(count): 0 level0_slowdown, 0 level0_slowdown_with_compaction, 0 level0_numfiles, 0 level0_numfiles_with_compaction, 0 stop for pending_compaction_bytes, 0 slowdown for pending_compaction_bytes, 0 memtable_compaction, 0 memtable_slowdown, interval 0 total count

** File Read Latency Histogram By Level [Configuration] **
** Level 0 read latency histogram (micros):
Count: 56 Average: 9.8929  StdDev: 10.69
Min: 4  Median: 4.8421  Max: 39
Percentiles: P50: 4.84 P75: 8.40 P99: 39.00 P99.9: 39.00 P99.99: 39.00
------------------------------------------------------
(       3,       4 ]       20  35.714%  35.714% #######
(       4,       6 ]       19  33.929%  69.643% #######
(       6,      10 ]        5   8.929%  78.571% ##
(      10,      15 ]        4   7.143%  85.714% #
(      15,      22 ]        1   1.786%  87.500% 
(      22,      34 ]        1   1.786%  89.286% 
(      34,      51 ]        6  10.714% 100.000% ##

** Level 1 read latency histogram (micros):
Count: 6 Average: 35.6667  StdDev: 43.54
Min: 4  Median: 6.0000  Max: 111
Percentiles: P50: 6.00 P75: 93.00 P99: 111.00 P99.9: 111.00 P99.99: 111.00
------------------------------------------------------
(       3,       4 ]        1  16.667%  16.667% ###
(       4,       6 ]        2  33.333%  50.000% #######
(       6,      10 ]        1  16.667%  66.667% ###
(      76,     110 ]        1  16.667%  83.333% ###
(     110,     170 ]        1  16.667% 100.000% ###


** Compaction Stats [default] **
Level    Files   Size     Score Read(GB)  Rn(GB) Rnp1(GB) Write(GB) Wnew(GB) Moved(GB) W-Amp Rd(MB/s) Wr(MB/s) Comp(sec) Comp(cnt) Avg(sec) KeyIn KeyDrop
----------------------------------------------------------------------------------------------------------------------------------------------------------
  L0      8/0    5.95 KB   0.8      0.0     0.0      0.0       0.0      0.0       0.0   1.0      0.0      0.0         0         1    0.047       0      0
 Sum      8/0    5.95 KB   0.0      0.0     0.0      0.0       0.0      0.0       0.0   1.0      0.0      0.0         0         1    0.047       0      0
 Int      0/0    0.00 KB   0.0      0.0     0.0      0.0       0.0      0.0       0.0   0.0      0.0      0.0         0         0    0.000       0      0
Uptime(secs): 0.9 total, 0.0 interval
Flush(GB): cumulative 0.000, interval 0.000
AddFile(GB): cumulative 0.000, interval 0.000
AddFile(Total Files): cumulative 0, interval 0
AddFile(L0 Files): cumulative 0, interval 0
AddFile(Keys): cumulative 0, interval 0
Cumulative compaction: 0.00 GB write, 0.00 MB/s write, 0.00 GB read, 0.00 MB/s read, 0.0 seconds
Interval compaction: 0.00 GB write, 0.00 MB/s write, 0.00 GB read, 0.00 MB/s read, 0.0 seconds
Stalls(count): 0 level0_slowdown, 0 level0_slowdown_with_compaction, 0 level0_numfiles, 0 level0_numfiles_with_compaction, 0 stop for pending_compaction_bytes, 0 slowdown for pending_compaction_bytes, 0 memtable_compaction, 0 memtable_slowdown, interval 0 total count

** File Read Latency Histogram By Level [default] **
** Level 0 read latency histogram (micros):
Count: 42 Average: 12.4286  StdDev: 16.72
Min: 4  Median: 4.9091  Max: 93
Percentiles: P50: 4.91 P75: 9.60 P99: 93.00 P99.9: 93.00 P99.99: 93.00
------------------------------------------------------
(       3,       4 ]       16  38.095%  38.095% ########
(       4,       6 ]       11  26.190%  64.286% #####
(       6,      10 ]        5  11.905%  76.190% ##
(      10,      15 ]        2   4.762%  80.952% #
(      15,      22 ]        1   2.381%  83.333% 
(      22,      34 ]        1   2.381%  85.714% 
(      34,      51 ]        5  11.905%  97.619% ##
(      76,     110 ]        1   2.381% 100.000% 


** Compaction Stats [Configuration] **
Level    Files   Size     Score Read(GB)  Rn(GB) Rnp1(GB) Write(GB) Wnew(GB) Moved(GB) W-Amp Rd(MB/s) Wr(MB/s) Comp(sec) Comp(cnt) Avg(sec) KeyIn KeyDrop
----------------------------------------------------------------------------------------------------------------------------------------------------------
  L0      8/0    6.88 KB   0.8      0.0     0.0      0.0       0.0      0.0       0.0   1.0      0.0      0.0         0         1    0.053       0      0
  L1      1/0    0.76 KB   0.0      0.0     0.0      0.0       0.0      0.0       0.0   0.0      0.0      0.0         0         0    0.000       0      0
 Sum      9/0    7.64 KB   0.0      0.0     0.0      0.0       0.0      0.0       0.0   1.0      0.0      0.0         0         1    0.053       0      0
 Int      0/0    0.00 KB   0.0      0.0     0.0      0.0       0.0      0.0       0.0   0.0      0.0      0.0         0         0    0.000       0      0
Uptime(secs): 0.9 total, 0.0 interval
Flush(GB): cumulative 0.000, interval 0.000
AddFile(GB): cumulative 0.000, interval 0.000
AddFile(Total Files): cumulative 0, interval 0
AddFile(L0 Files): cumulative 0, interval 0
AddFile(Keys): cumulative 0, interval 0
Cumulative compaction: 0.00 GB write, 0.00 MB/s write, 0.00 GB read, 0.00 MB/s read, 0.1 seconds
Interval compaction: 0.00 GB write, 0.00 MB/s write, 0.00 GB read, 0.00 MB/s read, 0.0 seconds
Stalls(count): 0 level0_slowdown, 0 level0_slowdown_with_compaction, 0 level0_numfiles, 0 level0_numfiles_with_compaction, 0 stop for pending_compaction_bytes, 0 slowdown for pending_compaction_bytes, 0 memtable_compaction, 0 memtable_slowdown, interval 0 total count

** File Read Latency Histogram By Level [Configuration] **
** Level 0 read latency histogram (micros):
Count: 56 Average: 9.8929  StdDev: 10.69
Min: 4  Median: 4.8421  Max: 39
Percentiles: P50: 4.84 P75: 8.40 P99: 39.00 P99.9: 39.00 P99.99: 39.00
------------------------------------------------------
(       3,       4 ]       20  35.714%  35.714% #######
(       4,       6 ]       19  33.929%  69.643% #######
(       6,      10 ]        5   8.929%  78.571% ##
(      10,      15 ]        4   7.143%  85.714% #
(      15,      22 ]        1   1.786%  87.500% 
(      22,      34 ]        1   1.786%  89.286% 
(      34,      51 ]        6  10.714% 100.000% ##

** Level 1 read latency histogram (micros):
Count: 6 Average: 35.6667  StdDev: 43.54
Min: 4  Median: 6.0000  Max: 111
Percentiles: P50: 6.00 P75: 93.00 P99: 111.00 P99.9: 111.00 P99.99: 111.00
------------------------------------------------------
(       3,       4 ]        1  16.667%  16.667% ###
(       4,       6 ]        2  33.333%  50.000% #######
(       6,      10 ]        1  16.667%  66.667% ###
(      76,     110 ]        1  16.667%  83.333% ###
(     110,     170 ]        1  16.667% 100.000% ###

2023/01/27-15:08:51.192424 3098 [WARN] [db\db_impl.cc:617] STATISTICS:
 rocksdb.block.cache.miss COUNT : 36
rocksdb.block.cache.hit COUNT : 9
rocksdb.block.cache.add COUNT : 36
rocksdb.block.cache.add.failures COUNT : 0
rocksdb.block.cache.index.miss COUNT : 10
rocksdb.block.cache.index.hit COUNT : 9
rocksdb.block.cache.index.add COUNT : 10
rocksdb.block.cache.index.bytes.insert COUNT : 1020
rocksdb.block.cache.index.bytes.evict COUNT : 0
rocksdb.block.cache.filter.miss COUNT : 0
rocksdb.block.cache.filter.hit COUNT : 0
rocksdb.block.cache.filter.add COUNT : 0
rocksdb.block.cache.filter.bytes.insert COUNT : 0
rocksdb.block.cache.filter.bytes.evict COUNT : 0
rocksdb.block.cache.data.miss COUNT : 26
rocksdb.block.cache.data.hit COUNT : 0
rocksdb.block.cache.data.add COUNT : 26
rocksdb.block.cache.data.bytes.insert COUNT : 3591
rocksdb.block.cache.bytes.read COUNT : 918
rocksdb.block.cache.bytes.write COUNT : 4611
rocksdb.bloom.filter.useful COUNT : 0
rocksdb.bloom.filter.full.positive COUNT : 0
rocksdb.bloom.filter.full.true.positive COUNT : 0
rocksdb.persistent.cache.hit COUNT : 0
rocksdb.persistent.cache.miss COUNT : 0
rocksdb.sim.block.cache.hit COUNT : 0
rocksdb.sim.block.cache.miss COUNT : 0
rocksdb.memtable.hit COUNT : 0
rocksdb.memtable.miss COUNT : 0
rocksdb.l0.hit COUNT : 0
rocksdb.l1.hit COUNT : 0
rocksdb.l2andup.hit COUNT : 0
rocksdb.compaction.key.drop.new COUNT : 0
rocksdb.compaction.key.drop.obsolete COUNT : 0
rocksdb.compaction.key.drop.range_del COUNT : 0
rocksdb.compaction.key.drop.user COUNT : 0
rocksdb.compaction.range_del.drop.obsolete COUNT : 0
rocksdb.compaction.optimized.del.drop.obsolete COUNT : 0
rocksdb.compaction.cancelled COUNT : 0
rocksdb.number.keys.written COUNT : 0
rocksdb.number.keys.read COUNT : 0
rocksdb.number.keys.updated COUNT : 0
rocksdb.bytes.written COUNT : 0
rocksdb.bytes.read COUNT : 0
rocksdb.number.db.seek COUNT : 2
rocksdb.number.db.next COUNT : 1
rocksdb.number.db.prev COUNT : 0
rocksdb.number.db.seek.found COUNT : 1
rocksdb.number.db.next.found COUNT : 0
rocksdb.number.db.prev.found COUNT : 0
rocksdb.db.iter.bytes.read COUNT : 26
rocksdb.no.file.closes COUNT : 0
rocksdb.no.file.opens COUNT : 17
rocksdb.no.file.errors COUNT : 0
rocksdb.l0.slowdown.micros COUNT : 0
rocksdb.memtable.compaction.micros COUNT : 0
rocksdb.l0.num.files.stall.micros COUNT : 0
rocksdb.stall.micros COUNT : 0
rocksdb.db.mutex.wait.micros COUNT : 0
rocksdb.rate.limit.delay.millis COUNT : 0
rocksdb.num.iterators COUNT : 0
rocksdb.number.multiget.get COUNT : 0
rocksdb.number.multiget.keys.read COUNT : 0
rocksdb.number.multiget.bytes.read COUNT : 0
rocksdb.number.deletes.filtered COUNT : 0
rocksdb.number.merge.failures COUNT : 0
rocksdb.bloom.filter.prefix.checked COUNT : 0
rocksdb.bloom.filter.prefix.useful COUNT : 0
rocksdb.number.reseeks.iteration COUNT : 0
rocksdb.getupdatessince.calls COUNT : 0
rocksdb.block.cachecompressed.miss COUNT : 0
rocksdb.block.cachecompressed.hit COUNT : 0
rocksdb.block.cachecompressed.add COUNT : 0
rocksdb.block.cachecompressed.add.failures COUNT : 0
rocksdb.wal.synced COUNT : 0
rocksdb.wal.bytes COUNT : 0
rocksdb.write.self COUNT : 0
rocksdb.write.other COUNT : 0
rocksdb.write.timeout COUNT : 0
rocksdb.write.wal COUNT : 0
rocksdb.compact.read.bytes COUNT : 0
rocksdb.compact.write.bytes COUNT : 1624
rocksdb.flush.write.bytes COUNT : 0
rocksdb.number.direct.load.table.properties COUNT : 0
rocksdb.number.superversion_acquires COUNT : 2
rocksdb.number.superversion_releases COUNT : 0
rocksdb.number.superversion_cleanups COUNT : 0
rocksdb.number.block.compressed COUNT : 1
rocksdb.number.block.decompressed COUNT : 8
rocksdb.number.block.not_compressed COUNT : 0
rocksdb.merge.operation.time.nanos COUNT : 0
rocksdb.filter.operation.time.nanos COUNT : 0
rocksdb.row.cache.hit COUNT : 0
rocksdb.row.cache.miss COUNT : 0
rocksdb.read.amp.estimate.useful.bytes COUNT : 0
rocksdb.read.amp.total.read.bytes COUNT : 0
rocksdb.number.rate_limiter.drains COUNT : 0
rocksdb.number.iter.skip COUNT : 10
rocksdb.blobdb.num.put COUNT : 0
rocksdb.blobdb.num.write COUNT : 0
rocksdb.blobdb.num.get COUNT : 0
rocksdb.blobdb.num.multiget COUNT : 0
rocksdb.blobdb.num.seek COUNT : 0
rocksdb.blobdb.num.next COUNT : 0
rocksdb.blobdb.num.prev COUNT : 0
rocksdb.blobdb.num.keys.written COUNT : 0
rocksdb.blobdb.num.keys.read COUNT : 0
rocksdb.blobdb.bytes.written COUNT : 0
rocksdb.blobdb.bytes.read COUNT : 0
rocksdb.blobdb.write.inlined COUNT : 0
rocksdb.blobdb.write.inlined.ttl COUNT : 0
rocksdb.blobdb.write.blob COUNT : 0
rocksdb.blobdb.write.blob.ttl COUNT : 0
rocksdb.blobdb.blob.file.bytes.written COUNT : 0
rocksdb.blobdb.blob.file.bytes.read COUNT : 0
rocksdb.blobdb.blob.file.synced COUNT : 0
rocksdb.blobdb.blob.index.expired.count COUNT : 0
rocksdb.blobdb.blob.index.expired.size COUNT : 0
rocksdb.blobdb.blob.index.evicted.count COUNT : 0
rocksdb.blobdb.blob.index.evicted.size COUNT : 0
rocksdb.blobdb.gc.num.files COUNT : 0
rocksdb.blobdb.gc.num.new.files COUNT : 0
rocksdb.blobdb.gc.failures COUNT : 0
rocksdb.blobdb.gc.num.keys.overwritten COUNT : 0
rocksdb.blobdb.gc.num.keys.expired COUNT : 0
rocksdb.blobdb.gc.num.keys.relocated COUNT : 0
rocksdb.blobdb.gc.bytes.overwritten COUNT : 0
rocksdb.blobdb.gc.bytes.expired COUNT : 0
rocksdb.blobdb.gc.bytes.relocated COUNT : 0
rocksdb.blobdb.fifo.num.files.evicted COUNT : 0
rocksdb.blobdb.fifo.num.keys.evicted COUNT : 0
rocksdb.blobdb.fifo.bytes.evicted COUNT : 0
rocksdb.txn.overhead.mutex.prepare COUNT : 0
